910
5494
7998
16128
18065
20264
22599
24392
25412
26092
26579
31396
31715
33009
34857
35487
35919
43697
45894
55945
55978
57230
57542
59539
60497
61892
72518
74594
76168
76421
78103
81582
84455
88677
89599
90816
93469
95935
97701
101248
104839
106079
110509
111199
111617
112597
118091
118217
119298
119625
122086
126442
127343
129576
136363
139671
142609
143733
147453
147622
151738
152161
152920
157602
157888
158987
162921
168732
168790
175185
176185
179458
180063
182445
184641
186167
186389
192164
195998
198255
199197
201774
202613
203398
205110
212297
212632
213270
215509
219024
219957
222155
228608
233285
239213
246927
248421
249675
250261
251214
252258
259381
262972
265057
266834
267253
268593
268948
274140
275327
277763
278965
282942
294623
296929
297941
299681
303648
303730
304377
304400
305097
306087
312971
313499
315706
318526
318536
323938
326218
327616
329755
331809
339707
340144
341109
343563
345630
348126
351089
354785
355490
364284
370990
371428
372098
372464
372740
373496
374716
375736
377666
378771
380040
384612
388127
391775
393794
398068
398829
399141
401483
401675
402250
404795
408376
412071
413509
413862
414529
416576
421320
428233
429185
431658
432258
436269
437001
439404
440119
441726
444697
447878
450552
451986
453029
454064
460030
464989
465135
467823
468119
468495
472775
474405
474523
480330
480648
481227
490303
490526
491433
491878
503533
510489
510862
511469
517211
523454
524333
526007
526632
527495
533568
534104
537894
538298
541397
542960
544210
546060
546333
546884
547071
547931
554886
556154
558109
560974
561113
563311
563996
564652
565932
566429
567513
567608
569382
577320
579664
582097
586063
587000
589739
593379
594882
597975
598779
600040
600110
600226
600413
600539
600807
602103
611767
614425
616486
617063
619446
619880
621187
621982
626060
626925
627877
632266
632582
633740
643176
644412
644500
646323
646549
647960
648437
649406
650578
652742
653961
655464
656393
658600
660509
662795
670773
671993
672286
676361
677298
677548
679928
685434
691334
691545
691705
693151
693408
696315
698743
699043
700482
701884
702798
703220
703346
703640
706985
708122
709535
711425
715660
715830
719211
729187
731415
731563
735327
735998
736019
737922
743439
746046
747329
749874
752393
753799
754023
754573
760722
763223
768717
768877
771239
772141
775203
775418
775545
776465
776907
778877
779096
781619
786601
788412
793755
798168
805713
810027
813786
815787
818365
820791
820895
826030
826110
828430
829940
831486
834279
835278
842877
844799
848959
854372
854728
857722
862578
868389
869969
870615
874043
874970
876413
877299
877567
878325
878888
881262
881307
883374
883558
884035
885388
888679
889418
893263
894336
894906
902893
904504
905314
905962
906817
907262
909329
915027
915360
915741
916673
918508
924249
928469
928808
930422
933189
933618
935231
940367
940585
943774
943870
944150
945786
950877
952337
955757
960653
965089
966309
969114
972185
976483
977477
978516
982493
983348
983800
986010
987763
992537
995840
999228
1003756
1004212
1005333
1009945
1012939
1014838
1014904
1015382
1017901
1019659
1025036
1025806
1026811
1027718
1029233
1029830
1030211
1030530
1031244
1035126
1036892
1038029
1038858
1039255
1039378
1040840
1041613
1041940
1043114
1044617
1047087
1048755
1052134
1061135
1069542
1069677
1083450
1088405
1089291
1091410
1095096
1098867
1098887
1099600
1099746
1102114
1102900
1103797
1106469
1107617
1109112
1111114
1118443
1118540
1121525
1122997
1128509
1128512
1131795
1133210
1133527
1135561
1137439
1140579
1143645
1145452
1147561
1148620
1149295
1150975
1152990
1153447
1154255
1158285
1161374
1161515
1167706
1175032
1176425
1177654
1177766
1177924
1178078
1178180
1179415
1180805
1183384
1184294
1199140
1204338
1206970
1208227
1209696
1211261
1211270
1211744
1211819
1217995
1224679
1225532
1226113
1228147
1232467
1233966
1234153
1237353
1238396
1239782
1244329
1244351
1247439
1249190
1249727
1252081
1253486
1253700
1258067
1259731
1261573
1262813
1265080
1267086
1268286
1272698
1275628
1280021
1280831
1281547
1282069
1283577
1283882
1285127
1285411
1285837
1285996
1287371
1288007
1290905
1296785
1301964
1302576
1306698
1308129
1308300
1308582
1309564
1309591
1311372
1318094
1320691
1325659
1326759
1329820
1341758
1343015
1343924
1347578
1347887
1349366
1353348
1359083
1362564
1362572
1363369
1365458
1366646
1367760
1370844
1371074
1372947
1376115
1376276
1376364
1377269
1377920
1378894
1384488
1387503
1387640
1389549
1398318
1398987
1399819
1399913
1401274
1402256
1405238
1406613
1410529
1412116
1412501
1418267
1418964
1420945
1423998
1425107
1426229
1432764
1432857
1434752
1436407
1436479
1436746
1436801
1437083
1437296
1440667
1450823
1452416
1455999
1456334
1457044
1466183
1466909
1467156
1467209
1469701
1472387
1475382
1475825
1476299
1479694
1481202
1481241
1482503
1486648
1492707
1493009
1495364
1498269
1499721
1502442
1506651
1509992
1512278
1515319
1517523
1522417
1522710
1523711
1523993
1524341
1524450
1526472
1527789
1529448
1529731
1529994
1530965
1532276
1532681
1534801
1540616
1541924
1542976
1543374
1544714
1545280
1545376
1546029
1546141
1547701
1549076
1550109
1551641
1551661
1551673
1552132
1556425
1556873
1558562
1561989
1562849
1563351
1567191
1567659
1570795
1572686
1573594
1575903
1580632
1583668
1587326
1588007
1588936
1591162
1595568
1596611
1598527
1598989
1601575
1602347
1603478
1607086
1616365
1617405
1622531
1626235
1626438
1638054
1643172
1644430
1646993
1647140
1649493
1651439
1651676
1652646
1654053
1654548
1655756
1656514
1660441
1660866
1661924
1661960
1665351
1667167
1667618
1671140
1675212
1675830
1682679
1683059
1683755
1690246
1690575
1694796
1694975
1695664
1697831
1699879
1703081
1707086
1709034
1711324
1715675
1717950
1721775
1721835
1726774
1729545
1730192
1734845
1735778
1736041
1739058
1740429
1741230
1742663
1744332
1753500
1753979
1760139
1760727
1761299
1762443
1769977
1774731
1775162
1781324
1781363
1781786
1781995
1784649
1784709
1785373
1788753
1790873
1792462
1792502
1795049
1797242
1797613
1798196
1801024
1802158
1803348
1803604
1804501
1805577
1806693
1810031
1811594
1813979
1814355
1814420
1815099
1817294
1817658
1818439
1819476
1819769
1822587
1827341
1829896
1830353
1831314
1832367
1833876
1834479
1837586
1838003
1840046
1840267
1840921
1841682
1847317
1847930
1849334
1849407
1851985
1853573
1854236
1854292
1854684
1857744
1860992
1869709
1876243
1877101
1880608
1881145
1882174
1882642
1884767
1885686
1886537
1887571
1891129
1891324
1893330
1893799
1895075
1895394
1903725
1904763
1905329
1906969
1909368
1913530
1913711
1913751
1914476
1917339
1917918
1922213
1924897
1925835
1936686
1937160
1937746
1940760
1940992
1941349
1942596
1945390
1947032
1947517
1954878
1955997
1956643
1959247
1963135
1965051
1970815
1976846
1977169
1980686
1982729
1982960
1988867
1989036
1989932
1990722
1991205
1992129
1993970
sum = 9.4261523E8
average = 1035840.9120879121
