910
1885686
1434752
1792462
868389
1694975
304400
556154
1209696
1602347
621187
1798196
1523711
1893330
1102114
1208227
1522417
1285127
616486
1563351
1161515
1176425
305097
1903725
1781363
1954878
1947032
1827341
1267086
1917918
1009945
1475825
1803604
444697
1268286
671993
139671
1572686
1228147
1349366
1175032
1849334
1147561
698743
1742663
249675
1906969
1265080
1534801
523454
828430
696315
1699879
1133527
600040
1481241
1088405
547071
1308582
355490
464989
318526
1831314
268593
763223
1099600
940585
902893
672286
168732
252258
1847317
18065
1399819
546060
1760727
1649493
453029
1025806
1184294
976483
1854236
1880608
676361
987763
480648
157602
76168
1027718
1466183
431658
1492707
1784709
262972
1761299
547931
1362572
701884
1450823
34857
870615
1703081
1882174
888679
1102900
428233
649406
752393
881262
1675212
1936686
1857744
1529448
1817294
534104
517211
297941
691705
593379
1325659
157888
1025036
818365
1942596
1288007
579664
490526
650578
1281547
1941349
685434
152161
1644430
567608
1040840
747329
995840
1690246
1499721
1877101
1365458
1436407
1734845
894906
1253700
268948
1412116
1551641
960653
5494
877299
1118540
1030530
1695664
1061135
318536
275327
1551661
969114
1556873
1493009
1654548
1709034
1137439
222155
749874
1884767
1217995
440119
1384488
1095096
1805577
820895
829940
700482
74594
1098887
112597
1626235
59539
118091
503533
1178078
1148620
199197
239213
1467156
474523
1790873
436269
31396
1283882
90816
1740429
421320
312971
490303
306087
1530965
930422
1690575
626060
735998
511469
1455999
1436479
586063
554886
1549076
212297
614425
1667167
715830
1792502
815787
915027
31715
282942
1389549
1822587
719211
1420945
1106469
810027
1161374
1527789
1122997
1651676
1833876
653961
582097
1524450
1280021
1318094
35919
736019
754573
621982
1290905
303648
834279
1905329
1970815
1550109
1697831
786601
465135
1729545
1069542
1854684
1552132
1788753
1275628
658600
598779
437001
186389
1721775
88677
20264
375736
670773
1544714
1655756
1988867
1580632
391775
743439
202613
1682679
1047087
1036892
1588007
1017901
587000
1285837
1804501
1052134
1015382
874043
906817
567513
662795
182445
1226113
1261573
619446
1412501
983348
708122
1432764
1359083
1378894
977477
1014838
1367760
558109
1406613
111199
760722
1089291
1158285
1797613
677298
176185
384612
1963135
1980686
1436746
978516
854728
343563
1546029
1517523
526007
772141
779096
1145452
184641
1762443
1853573
1617405
1121525
1232467
594882
136363
600226
1152990
1542976
711425
1913711
632266
1869709
1711324
1309564
45894
95935
1272698
26579
1532681
251214
881307
1876243
1797242
398829
402250
569382
1177924
1547701
754023
940367
1401274
371428
61892
633740
966309
198255
1233966
119298
1741230
1945390
33009
373496
1815099
1744332
1683059
1860992
1840267
955757
1887571
1372947
1206970
768877
1249190
1004212
1167706
1651439
1573594
345630
1199140
327616
1285996
600413
699043
1347887
1234153
1665351
1546141
468119
1784649
1287371
413509
1817658
1660866
228608
1561989
1343924
89599
1402256
299681
1977169
775203
1506651
746046
24392
510862
1913751
1675830
84455
259381
874970
412071
1545376
1475382
1111114
893263
709535
776465
439404
1177654
561113
1726774
1591162
378771
1387640
1819769
1940760
731563
1909368
1343015
1031244
1886537
118217
537894
632582
142609
1048755
546333
1818439
1133210
805713
693408
1545280
351089
168790
656393
1244351
878325
1432857
1683755
55978
1993970
1410529
1647140
372740
798168
1466909
313499
1529731
1376276
1656514
560974
1262813
1774731
1098867
1895394
1917339
147622
441726
1735778
1280831
1247439
429185
826110
1598527
597975
1482503
842877
1476299
915360
526632
1532276
909329
1937160
1179415
1282069
735327
646323
1595568
265057
22599
1252081
826030
1285411
1026811
1924897
1180805
944150
72518
1622531
679928
1353348
869969
1109112
179458
468495
1707086
1661960
1311372
1183384
577320
1838003
715660
1486648
1775162
1895075
768717
510489
541397
364284
775545
563996
1616365
1601575
1849407
643176
1526472
1030211
1587326
1598989
652742
267253
952337
1522710
1376364
1131795
1991205
1083450
793755
1302576
266834
1371074
1140579
982493
857722
915741
877567
1626438
1426229
1418964
1990722
201774
1982960
1607086
1803348
1832367
250261
1329820
862578
1837586
928808
1515319
104839
1881145
1038029
1481202
1012939
1029233
564652
1806693
331809
831486
1177766
1472387
1813979
35487
388127
691545
1661924
1814355
110509
1652646
16128
93469
1259731
1819476
1925835
1509992
1149295
788412
1347578
78103
303730
1452416
1959247
1341758
933618
972185
370990
1498269
778877
702798
329755
1956643
175185
143733
1992129
563311
835278
1654053
377666
945786
1306698
393794
1039255
566429
213270
965089
76421
1362564
1753500
1423998
1440667
57230
876413
1399913
1398987
1810031
372098
1769977
1308300
1150975
472775
1638054
1107617
647960
1781786
1099746
1211270
617063
753799
1588936
1562849
60497
1982729
602103
626925
195998
1567191
703346
1558562
1320691
127343
999228
1377920
1003756
399141
776907
813786
771239
546884
122086
1922213
1019659
1760139
1029830
1667618
1541924
129576
878888
158987
883374
467823
1721835
943870
450552
323938
1570795
646549
1891129
274140
205110
1211819
401483
1204338
589739
1405238
1603478
1366646
219024
374716
1913530
341109
296929
933189
101248
1326759
600807
1643172
1456334
1479694
1802158
339707
1947517
1523993
1283577
398068
1847930
854372
1044617
1739058
1128512
1249727
950877
1529994
454064
1540616
935231
57542
907262
1154255
432258
820791
1495364
729187
1753979
1596611
55945
354785
1239782
1512278
1834479
1041940
1851985
1781995
565932
1135561
180063
413862
1989932
1224679
152920
1118443
474405
1103797
648437
928469
644412
1583668
986010
1551673
737922
1418267
372464
233285
147453
126442
1829896
203398
481227
1069677
1715675
315706
111617
1567659
97701
677548
703220
277763
1091410
693151
1502442
1244329
1811594
1976846
348126
460030
905314
992537
43697
1891324
544210
781619
1309591
916673
1014904
1457044
1043114
844799
1660441
1524341
1914476
1376115
1840046
26092
943774
1937746
703640
1646993
215509
1795049
340144
1717950
1039378
151738
1694796
1387503
611767
600110
380040
655464
491433
924249
1437083
1801024
1840921
451986
1258067
884035
1296785
918508
408376
1211261
294623
248421
1237353
1238396
186167
1940992
885388
401675
1736041
1225532
119625
775418
1377269
1814420
162921
1989036
414529
542960
644500
905962
1467209
81582
706985
1308129
533568
1965051
192164
1830353
883558
600539
1041613
1178180
848959
278965
416576
1035126
219957
1301964
1436801
1955997
527495
1556425
731415
1904763
1370844
894336
1893799
1785373
1437296
538298
691334
904504
619880
1398318
212632
1153447
1363369
404795
983800
246927
1005333
25412
1425107
1854292
304377
1841682
889418
524333
1143645
326218
480330
1671140
1882642
1211744
1575903
1253486
106079
1469701
1038858
1543374
7998
1730192
447878
627877
1128509
660509
1781324
491878